NACA	63-212
1	0
0.987684	0.001307
0.968517	0.003459
0.948577	0.005851
0.927997	0.008477
0.90692		0.011315
0.885444	0.014335
0.863619	0.017506
0.841498	0.02079
0.819154	0.024148
0.796675	0.027547
0.774156	0.030952
0.751669	0.034328
0.729249	0.037648
0.70691		0.040893
0.684672	0.044045
0.662552	0.047081
0.640546	0.049978
0.618637	0.052725
0.596811	0.055312
0.575062	0.057733
0.553396	0.059979
0.531825	0.062042
0.51036		0.063904
0.489		0.065551
0.467737	0.066971
0.446566	0.068157
0.425493	0.069099
0.404525	0.069787
0.383671	0.070209
0.362935	0.070357
0.342315	0.07022
0.321807	0.069799
0.301431	0.069103
0.281247	0.068147
0.261338	0.066941
0.241802	0.065498
0.222752	0.063836
0.204334	0.061977
0.186708	0.059953
0.170013	0.057801
0.154351	0.055564
0.139768	0.05328
0.126292	0.050975
0.113954	0.04868
0.102753	0.046424
0.092631	0.04423
0.083496	0.042107
0.075238	0.040058
0.067748	0.038079
0.060927	0.036163
0.054692	0.034302
0.048968	0.03249
0.043691	0.030721
0.038812	0.028986
0.03429		0.027276
0.03009		0.025587
0.02618		0.023917
0.022533	0.022264
0.019135	0.020615
0.01598		0.018948
0.013061	0.017244
0.010367	0.015491
0.007891	0.013674
0.005629	0.011777
0.003687	0.009755
0.002186	0.007556
0.001096	0.00519
0.000378	0.002668
0.000149	0.00136
0	0
0.000673	-0.00265
0.00167		-0.004988
0.003051	-0.007089
0.004846	-0.008904
0.007082	-0.010426
0.009568	-0.011854
0.012151	-0.013326
0.014898	-0.014756
0.017868	-0.01609
0.02107		-0.017347
0.024511	-0.018555
0.028189	-0.019753
0.032112	-0.020964
0.036303	-0.022187
0.040791	-0.023422
0.045609	-0.024668
0.050795	-0.025925
0.0564		-0.027197
0.062488	-0.028487
0.069132	-0.029802
0.076414	-0.031149
0.084427	-0.032539
0.093275	-0.033971
0.103065	-0.03544
0.113902	-0.036936
0.125861	-0.038444
0.138973	-0.039948
0.153219	-0.041429
0.16857		-0.042875
0.18498		-0.044254
0.202351	-0.04553
0.220555	-0.04667
0.239441	-0.047653
0.258854	-0.048466
0.27866		-0.049098
0.298745	-0.049537
0.319018	-0.049771
0.339418	-0.049787
0.359918	-0.049574
0.38052		-0.049128
0.401236	-0.048458
0.42208		-0.047576
0.443044	-0.046497
0.464082	-0.045241
0.485143	-0.043804
0.506279	-0.042159
0.52763		-0.040309
0.549251	-0.038329
0.57099		-0.036298
0.592675	-0.034197
0.614322	-0.031972
0.63606		-0.029614
0.657954	-0.027159
0.679965	-0.024644
0.702019	-0.022096
0.724047	-0.019543
0.745995	-0.017016
0.767827	-0.014544
0.789509	-0.012148
0.810978	-0.009851
0.832169	-0.007687
0.853063	-0.005696
0.873683	-0.003903
0.893992	-0.002316
0.913851	-0.000955
0.93313		0.000087
0.951842	0.000702
0.970113	0.00083
0.988097	0.000485
1	0
